9988
945
1190
1152
257
275
1109
1117
1131
1140
1117
1140
94
257
275
3723
3899
3943
3899
4690
4833
4839
4690
4833
4690
4833
42
160
166
236
48
222
228
241
76
345
3980
4005
3980
4114
3498
464
490
513
213
296
460
296
149
207
4436
4501
4436
4305
4336
4305
4262
4273
4262
382
418
382
1761
176
185
286
329
244
467
560
257
479
197
206
295
343
270
491
502
502
606
575
588
588
21
685
26
690
31
653
696
653
24
168
215
226
241
275
215
275
187
256
168
241
459
362
483
490
497
577
583
589
653
659
665
718
724
730
1538
692
448
472
610
675
877
911
926
911
877
1996
584
382
418
571
1102
1194
1102
1194
54
603
1114
1122
1221
1229
1239
1250
1114
1122
1221
1229
1239
1250
586
1108
1303
1108
1303
61
623
1134
1142
1330
1338
1348
1359
1134
1142
1330
1338
1348
1359
304
323
1473
1492
1510
1530
232
227
32
68
284
365
68
108
155
284
365
155
1371
1402
1440
1731
1755
1806
1858
1876
679
1267
759
1361
1016
1050
1380
1958
2001
1958
2014
2170
2216
2257
638
663
638
668
736
712
820
929
29
194
584
2016
1325
1366
2439
793
1366
1844
387
1878
511
1668
1699
1475
1504
1537
1618
1537
1636
1908
1787
764
2273
754
2394
771
1731
2103
742
2178
747
1251
1304
1569
387
535
563
553
580
3855
3875
954
3180
3107
2527
3096
160
1546
109
51
1209
280
195
241
247
